769238 2 487793
612957 9 304843
707922 9 352305
546182 2 378839
955622 4 582722
407760 5 203356
46874 9 17967
280463 4 142160
990110 1 596033
69193 0 26729
963609 6 578641
143495 6 66999
552494 2 381295
926781 0 459948
364033 3 250242
999194 5 599739
623759 7 309106
428079 4 239498
389361 3 285200
366801 7 176060
151792 0 70449
238066 0 114373
256403 9 121880
352674 6 170812
785880 8 389631
941974 8 566587
779788 0 380848
275343 7 134908
106330 9 51863
453214 2 331957
980337 5 592064
388186 6 195439
979453 0 480785
234540 3 118955
178044 4 91410
16544 2 7015
116335 9 55863
861491 2 534499
794819 8 397382
241012 6 116301
625587 4 410719
626624 2 417653
9908 4 3981
128467 3 61597
893383 7 546978
193946 7 97184
353791 9 171051
757973 4 483397
750161 2 480036
586561 9 283906
2257 3 656
829572 0 410807
361456 8 174385
262489 1 235799
911241 7 554344
392654 4 196836
603549 1 402115
309163 1 253801
713590 3 455710
128963 7 61686
795938 0 387683
585229 9 283543
35040 3 19555
193869 8 97137
696958 9 345003
386086 9 183808
632246 5 412645
634468 8 313287
491736 0 236443
81351 0 32365
129371 1 101250
758561 7 432068
864002 7 525200
439394 6 215779
409271 9 203019
769115 0 376721
377633 2 291334
293636 2 241771
444207 8 217240
790696 1 496240
68642 1 37635
145622 0 67622
77009 3 41101
893013 1 547906
553393 1 382080
403906 6 201181
418690 3 307639
868134 5 537423
578750 2 391655
985759 5 594516
330456 3 193110
686693 3 445040
941012 4 567314
445647 9 217624
881012 4 542301
851700 0 420431
738930 3 474615
105441 0 47026
581379 1 392858
153068 5 73986
